
temps = [22.4, 22.4, 22.5, 22.1, 22.2, 22.3, 22.3]; % [C]
rpms = [297, 297, 297, 260, 312, 335, 255]; % [rpm]
flowrates = [2, 6, 12, 6, 6, 6, 6]; % [L/min]
kLa = [295, 421, 421, 404, 642, 550, 423] .* 1e-5; % [s^-1]